((("lintnode-hook" .
   [0 0 0 0 0 0 1 0 0 0 0 0 0])
  ("lintnode-jslint-excludes" .
   [0 0 0 0 0 0 0 0 0 0 0 0 0 0 0 0 0 1 0 0 0 0 0 0])
  ("lintnode-jslint-includes" .
   [0 0 0 1 0 0 0 0 0 0 0 0 0 0 0 0 0 0 0 0 0 0 0 0])
  ("readAsDataURL" .
   [0 0 0 1 0 0 0 0 0 0 0 0 0])
  ("parseFloat" .
   [0 0 0 1 0 0 0 0 0 0])
  ("position" .
   [0 0 0 0 0 0 0 2])
  ("search" .
   [0 0 0 1 0 0])
  ("eval" .
   [0 0 1 0])
  ("addEventListener" .
   [0 0 0 2 0 0 0 0 0 0 0 0 0 0 0 0])
  ("alert" .
   [0 0 0 0 1])
  ("private" .
   [0 0 0 0 0 0 3])
  ("getMonth" .
   [0 0 0 0 0 0 0 1])
  ("setTimeout" .
   [0 0 0 0 0 0 0 0 0 1])
  ("*" .
   [1])
  ("when" .
   [1 0 0 0])
  ("t" .
   [1])
  ("nil" .
   [1 0 0])
  ("0" .
   [2])
  ("EXPLAIN" .
   [1 0 0 0 0 0 0])
  ("LEFT" .
   [1 0 0 0])
  ("}" .
   [3])
  (">" .
   [8])
  ("/usr/local/mongodb/bin/mongos" .
   [0 0 0 0 1 0 0 0 0 0 0 0 0 0 0 0 0 0 0 0 0 0 0 0 0 0 0 0 0])
  ("db.runCommand" .
   [0 0 0 0 1 0 0 0 0 1 0 0 0])
  ("20:30" .
   [1 0 0 0 0])
  ("19:00" .
   [1 0 0 0 0])
  ("13:00" .
   [1 0 0 0 0])
  ("12:00" .
   [1 0 0 0 0])
  ("10:00" .
   [1 0 0 0 0])
  ("08:00" .
   [1 0 0 0 0])
  ("17:30" .
   [1 0 0 0 0])
  ("16:00" .
   [1 0 0 0 0])
  ("-" .
   [8])
  ("15:00" .
   [1 0 0 0 0])
  ("symfony" .
   [1 0 0 0 1 3 0])
  ("s" .
   [2])
  ("{" .
   [1])
  ("-第一部" .
   [0 1 0 0])
  ("a" .
   [1])
  ("bacon" .
   [1 0 0 0 0])
  ("<" .
   [1])))
